%YAML:1.0
cameraMatrix: !!opencv-matrix
   rows: 3
   cols: 3
   dt: d
   data: [ 1.5310882953710304e+03, 0., 9.4112467198927027e+02, 0.,
       1.5319952701072286e+03, 5.1441053360729120e+02, 0., 0., 1. ]
imageSize_width: 1920
imageSize_height: 1080
sensorSize_width: 0
sensorSize_height: 0
distCoeffs: !!opencv-matrix
   rows: 5
   cols: 1
   dt: d
   data: [ -1.1865819760564728e-01, 1.6792310514822525e-01,
       -1.6958571025232612e-03, -1.0033540383678761e-03,
       -1.0348294952127916e-01 ]
reprojectionError: 1.9293774664402008e-01
features:
   - [ 6.69140076e+02, 1.26052574e+02, 7.20550903e+02, 1.24476776e+02,
       7.72314880e+02, 1.23085068e+02, 8.24642944e+02, 1.21839691e+02,
       8.77537415e+02, 1.20449081e+02, 9.30436096e+02, 1.19336189e+02,
       9.83750244e+02, 1.18278976e+02, 1.03752063e+03, 1.17195023e+02,
       1.09137854e+03, 1.16288971e+02, 1.14559143e+03, 1.15484344e+02,
       6.69853821e+02, 1.78857346e+02, 7.21125427e+02, 1.77681244e+02,
       7.73051514e+02, 1.76261795e+02, 8.25229675e+02, 1.75336960e+02,
       8.77682495e+02, 1.73880966e+02, 9.30847168e+02, 1.73026215e+02,
       9.84090027e+02, 1.71798660e+02, 1.03780566e+03, 1.71287292e+02,
       1.09154590e+03, 1.70364288e+02, 1.14570496e+03, 1.69610168e+02,
       6.70534607e+02, 2.31516006e+02, 7.21758118e+02, 2.30712296e+02,
       7.73517456e+02, 2.29450455e+02, 8.25716370e+02, 2.28769470e+02,
       8.78443359e+02, 2.27584732e+02, 9.31196289e+02, 2.26911072e+02,
       9.84428345e+02, 2.26182526e+02, 1.03799854e+03, 2.25283188e+02,
       1.09168506e+03, 2.24840225e+02, 1.14580103e+03, 2.24255020e+02,
       6.71362549e+02, 2.84376465e+02, 7.22461060e+02, 2.83569061e+02,
       7.74189148e+02, 2.82531860e+02, 8.26261047e+02, 2.81868011e+02,
       8.78867065e+02, 2.80878235e+02, 9.31562012e+02, 2.80375488e+02,
       9.84642944e+02, 2.79571838e+02, 1.03837439e+03, 2.79282440e+02,
       1.09189746e+03, 2.78526154e+02, 1.14586377e+03, 2.78355042e+02,
       6.72191650e+02, 3.37098297e+02, 7.23193726e+02, 3.36173096e+02,
       7.74786987e+02, 3.35702606e+02, 8.26748535e+02, 3.35148041e+02,
       8.79274536e+02, 3.34420471e+02, 9.32071106e+02, 3.33792786e+02,
       9.85080872e+02, 3.33600647e+02, 1.03855066e+03, 3.33066986e+02,
       1.09209644e+03, 3.32775146e+02, 1.14594751e+03, 3.32548798e+02,
       6.73140381e+02, 3.89222809e+02, 7.24044067e+02, 3.88984161e+02,
       7.75479797e+02, 3.88487000e+02, 8.27504761e+02, 3.88246948e+02,
       8.79798706e+02, 3.87517181e+02, 9.32443604e+02, 3.87155884e+02,
       9.85397095e+02, 3.87048462e+02, 1.03876489e+03, 3.86875519e+02,
       1.09221802e+03, 3.86468018e+02, 1.14590918e+03, 3.86344604e+02,
       6.74236084e+02, 4.41533936e+02, 7.25028137e+02, 4.41371246e+02,
       7.76364319e+02, 4.40842773e+02, 8.28166626e+02, 4.40576294e+02,
       8.80413940e+02, 4.40457001e+02, 9.32896729e+02, 4.40404236e+02,
       9.85723267e+02, 4.40389038e+02, 1.03893469e+03, 4.40314148e+02,
       1.09232959e+03, 4.40073151e+02, 1.14589929e+03, 4.39798157e+02 ]
   - [ 1.10969958e+03, 1.22390198e+02, 1.16088025e+03, 1.19974571e+02,
       1.21328601e+03, 1.17467308e+02, 1.26666028e+03, 1.14794464e+02,
       1.32126196e+03, 1.12231293e+02, 1.37692334e+03, 1.09720261e+02,
       1.43361755e+03, 1.07144875e+02, 1.49172546e+03, 1.04348335e+02,
       1.55102209e+03, 1.01761635e+02, 1.61170984e+03, 9.91882782e+01,
       1.10913635e+03, 1.74943161e+02, 1.16024097e+03, 1.72965729e+02,
       1.21251489e+03, 1.71070786e+02, 1.26582593e+03, 1.69046951e+02,
       1.32015381e+03, 1.67170044e+02, 1.37583936e+03, 1.65110977e+02,
       1.43243970e+03, 1.63247818e+02, 1.49037134e+03, 1.61265991e+02,
       1.54945715e+03, 1.59266006e+02, 1.60995532e+03, 1.57175705e+02,
       1.10864343e+03, 2.27184509e+02, 1.15964917e+03, 2.26020645e+02,
       1.21184094e+03, 2.24636093e+02, 1.26500842e+03, 2.23127380e+02,
       1.31947815e+03, 2.21898270e+02, 1.37472229e+03, 2.20501099e+02,
       1.43117883e+03, 2.19104675e+02, 1.48888062e+03, 2.18065063e+02,
       1.54776709e+03, 2.16621674e+02, 1.60803723e+03, 2.14889481e+02,
       1.10799707e+03, 2.79592102e+02, 1.15891943e+03, 2.78552704e+02,
       1.21106470e+03, 2.77928375e+02, 1.26419019e+03, 2.77265503e+02,
       1.31846912e+03, 2.76288055e+02, 1.37367566e+03, 2.75638580e+02,
       1.42989368e+03, 2.74629456e+02, 1.48763745e+03, 2.74178101e+02,
       1.54611877e+03, 2.73522430e+02, 1.60624866e+03, 2.72526764e+02,
       1.10750269e+03, 3.31691559e+02, 1.15821814e+03, 3.31546783e+02,
       1.21025342e+03, 3.31342377e+02, 1.26329395e+03, 3.31046478e+02,
       1.31745422e+03, 3.30864868e+02, 1.37243665e+03, 3.30726715e+02,
       1.42867773e+03, 3.30605560e+02, 1.48601306e+03, 3.30511932e+02,
       1.54453223e+03, 3.30416901e+02, 1.60433777e+03, 3.30304626e+02,
       1.10684631e+03, 3.83756805e+02, 1.15758618e+03, 3.84141846e+02,
       1.20945422e+03, 3.84394562e+02, 1.26239502e+03, 3.84763123e+02,
       1.31629761e+03, 3.84987885e+02, 1.37131812e+03, 3.85344086e+02,
       1.42727185e+03, 3.85970642e+02, 1.48448438e+03, 3.86410461e+02,
       1.54277771e+03, 3.86821320e+02, 1.60245044e+03, 3.87229523e+02,
       1.10636902e+03, 4.35499023e+02, 1.15694019e+03, 4.36328674e+02,
       1.20868164e+03, 4.37364044e+02, 1.26133264e+03, 4.38182922e+02,
       1.31522729e+03, 4.38910278e+02, 1.37004871e+03, 4.39957489e+02,
       1.42578333e+03, 4.40927704e+02, 1.48291138e+03, 4.41975861e+02,
       1.54090515e+03, 4.42857971e+02, 1.60038342e+03, 4.43981812e+02 ]
   - [ 1.10226685e+03, 2.95908630e+02, 1.15189978e+03, 2.93447052e+02,
       1.20272009e+03, 2.90836639e+02, 1.25442822e+03, 2.88561859e+02,
       1.30747668e+03, 2.86346863e+02, 1.36120312e+03, 2.83800781e+02,
       1.41596045e+03, 2.81436340e+02, 1.47206311e+03, 2.78804657e+02,
       1.52911426e+03, 2.76355743e+02, 1.58738989e+03, 2.73885406e+02,
       1.10209521e+03, 3.46108704e+02, 1.15183569e+03, 3.44300873e+02,
       1.20276074e+03, 3.42506592e+02, 1.25460266e+03, 3.40697479e+02,
       1.30735925e+03, 3.38958099e+02, 1.36143323e+03, 3.36939636e+02,
       1.41635217e+03, 3.35078339e+02, 1.47245789e+03, 3.33143707e+02,
       1.52946411e+03, 3.31177277e+02, 1.58794226e+03, 3.29289612e+02,
       1.10185193e+03, 3.97068359e+02, 1.15174170e+03, 3.95523895e+02,
       1.20270410e+03, 3.94500336e+02, 1.25449585e+03, 3.93202881e+02,
       1.30767236e+03, 3.91540436e+02, 1.36154480e+03, 3.90403229e+02,
       1.41654529e+03, 3.89004395e+02, 1.47269385e+03, 3.87688324e+02,
       1.52970605e+03, 3.86370422e+02, 1.58824866e+03, 3.84958435e+02,
       1.10162415e+03, 4.47798889e+02, 1.15162170e+03, 4.46756805e+02,
       1.20267969e+03, 4.46232361e+02, 1.25463879e+03, 4.45556732e+02,
       1.30778088e+03, 4.44485687e+02, 1.36173816e+03, 4.43737885e+02,
       1.41657532e+03, 4.42519470e+02, 1.47301135e+03, 4.42210876e+02,
       1.53001001e+03, 4.41447388e+02, 1.58856677e+03, 4.40433502e+02,
       1.10155981e+03, 4.98913239e+02, 1.15149976e+03, 4.98599091e+02,
       1.20255750e+03, 4.98061005e+02, 1.25447803e+03, 4.97849243e+02,
       1.30778174e+03, 4.97702423e+02, 1.36178638e+03, 4.97390381e+02,
       1.41681116e+03, 4.97193237e+02, 1.47300903e+03, 4.97062500e+02,
       1.53025427e+03, 4.96776001e+02, 1.58878955e+03, 4.96481262e+02,
       1.10141235e+03, 5.49654419e+02, 1.15138733e+03, 5.50216553e+02,
       1.20239294e+03, 5.50389099e+02, 1.25443250e+03, 5.50528015e+02,
       1.30764294e+03, 5.50765625e+02, 1.36173718e+03, 5.51121399e+02,
       1.41678735e+03, 5.51313171e+02, 1.47308337e+03, 5.51571472e+02,
       1.53029822e+03, 5.52013794e+02, 1.58888782e+03, 5.52366577e+02,
       1.10121924e+03, 6.00468994e+02, 1.15115186e+03, 6.01642639e+02,
       1.20225366e+03, 6.02357056e+02, 1.25434192e+03, 6.03313843e+02,
       1.30756226e+03, 6.03842224e+02, 1.36159119e+03, 6.04549561e+02,
       1.41664075e+03, 6.05717651e+02, 1.47307947e+03, 6.06371765e+02,
