%YAML:1.0
Mat: !!opencv-matrix
   rows: 3
   cols: 1
   dt: d
   data: [ 1.8229190548440519e-01, 4.9587323628387671e-02,
       -4.2935127908644011e-03 ]
