%YAML:1.0
Mat: !!opencv-matrix
   rows: 3
   cols: 1
   dt: d
   data: [ -5.1000002613610029e+01, 1.3533018753014488e+02,
       2.7406370949436285e+02 ]
