%YAML:1.0
cameraMatrix: !!opencv-matrix
   rows: 3
   cols: 3
   dt: d
   data: [ 5.7034220490951839e+02, 0., 3.2000000209801823e+02, 0.,
       5.7034220467374803e+02, 2.3999999999804589e+02, 0., 0., 1. ]
imageSize_width: 640
imageSize_height: 480
sensorSize_width: 0
sensorSize_height: 0
distCoeffs: !!opencv-matrix
   rows: 5
   cols: 1
   dt: d
   data: [ -4.5067178580148702e-09, 2.6458428699786082e-08,
       1.0728051202614841e-09, 1.8783119512508589e-09,
       -1.2918431129792426e-08 ]
reprojectionError: 0.
features:
   []
