%YAML:1.0
cameraMatrix: !!opencv-matrix
   rows: 3
   cols: 3
   dt: d
   data: [ 2.2312752615469421e+03, 0., 1.2481499613388853e+03, 0.,
       2.2345418869529922e+03, 6.4974342918798334e+02, 0., 0., 1. ]
imageSize_width: 2400
imageSize_height: 1350
sensorSize_width: 0
sensorSize_height: 0
distCoeffs: !!opencv-matrix
   rows: 5
   cols: 1
   dt: d
   data: [ -1.3040362284175711e-01, 7.4982891600724841e-02,
       6.1454631187096449e-04, 1.9412892681112946e-03,
       -1.8973146539092260e-02 ]
reprojectionError: 1.6704957187175751e-01
features:
   - [ 1.00995734e+03, 7.45823792e+02, 9.26230530e+02, 7.45578735e+02,
       8.41011108e+02, 7.45383484e+02, 7.54868225e+02, 7.45104004e+02,
       6.67484497e+02, 7.44778748e+02, 5.79073853e+02, 7.44607422e+02,
       4.89850159e+02, 7.44294373e+02, 3.99444458e+02, 7.43904297e+02,
       3.08281464e+02, 7.43604309e+02, 2.16163467e+02, 7.43087463e+02,
       1.01400592e+03, 6.64306763e+02, 9.29578552e+02, 6.63429749e+02,
       8.43618347e+02, 6.62502563e+02, 7.56650452e+02, 6.61598389e+02,
       6.68616028e+02, 6.60798157e+02, 5.79269775e+02, 6.59858643e+02,
       4.89118683e+02, 6.58966553e+02, 3.97754517e+02, 6.58036194e+02,
       3.05762634e+02, 6.57311707e+02, 2.12683197e+02, 6.56253723e+02,
       1.01817993e+03, 5.81218750e+02, 9.33021423e+02, 5.79551453e+02,
       8.46432251e+02, 5.77918701e+02, 7.58601318e+02, 5.76328247e+02,
       6.69491882e+02, 5.74894653e+02, 5.79598450e+02, 5.73535767e+02,
       4.88645203e+02, 5.71851990e+02, 3.96502258e+02, 5.70289001e+02,
       3.03594025e+02, 5.68830566e+02, 2.09664749e+02, 5.67368347e+02,
       1.02252942e+03, 4.96753448e+02, 9.36714111e+02, 4.94440887e+02,
       8.49226929e+02, 4.92197052e+02, 7.60793518e+02, 4.90053680e+02,
       6.70824219e+02, 4.87994080e+02, 5.80125549e+02, 4.85675842e+02,
       4.88396576e+02, 4.83663574e+02, 3.95302368e+02, 4.81516785e+02,
       3.01686707e+02, 4.79387634e+02, 2.06838547e+02, 4.77345673e+02,
       1.02681592e+03, 4.10823700e+02, 9.40398560e+02, 4.07724945e+02,
       8.52281494e+02, 4.04686127e+02, 7.63088013e+02, 4.01804443e+02,
       6.72522705e+02, 3.99037354e+02, 5.80866455e+02, 3.96257019e+02,
       4.88381927e+02, 3.93411438e+02, 3.94496002e+02, 3.90731567e+02,
       2.99901703e+02, 3.87990448e+02, 2.04379669e+02, 3.85283875e+02,
       1.03137170e+03, 3.23785706e+02, 9.44348877e+02, 3.19993408e+02,
       8.55501160e+02, 3.16174469e+02, 7.65619873e+02, 3.12544159e+02,
       6.74311035e+02, 3.08966309e+02, 5.81889893e+02, 3.05509857e+02,
       4.88570465e+02, 3.02045685e+02, 3.93890594e+02, 2.98632355e+02,
       2.98588867e+02, 2.95532928e+02, 2.02070618e+02, 2.92428314e+02,
       1.03589600e+03, 2.35639557e+02, 9.48262451e+02, 2.31047424e+02,
       8.58818665e+02, 2.26507568e+02, 7.68379150e+02, 2.22038483e+02,
       6.76316772e+02, 2.17758545e+02, 5.83175537e+02, 2.13567993e+02,
       4.89102509e+02, 2.09341934e+02, 3.93639191e+02, 2.05394272e+02,
       2.97547302e+02, 2.01515381e+02, 2.00233383e+02, 1.97745041e+02 ]
   - [ 1.43172974e+03, 7.45990479e+02, 1.34850366e+03, 7.44740906e+02,
       1.26448755e+03, 7.43561768e+02, 1.17997546e+03, 7.42277222e+02,
       1.09483105e+03, 7.40961609e+02, 1.00940350e+03, 7.39777405e+02,
       9.23796204e+02, 7.38455322e+02, 8.37610168e+02, 7.37157654e+02,
       7.51648193e+02, 7.35703857e+02, 6.65430115e+02, 7.34185364e+02,
       1.43692200e+03, 6.64456665e+02, 1.35297388e+03, 6.62925537e+02,
       1.26817505e+03, 6.61392883e+02, 1.18283398e+03, 6.59791260e+02,
       1.09707336e+03, 6.58497681e+02, 1.01068451e+03, 6.56847290e+02,
       9.24277100e+02, 6.55326965e+02, 8.37345703e+02, 6.53710571e+02,
       7.50519531e+02, 6.52341431e+02, 6.63410706e+02, 6.50697693e+02,
       1.44220374e+03, 5.81310547e+02, 1.35745667e+03, 5.79312561e+02,
       1.27189429e+03, 5.77465332e+02, 1.18574451e+03, 5.75545166e+02,
       1.09896399e+03, 5.73886597e+02, 1.01208740e+03, 5.72259399e+02,
       9.24814209e+02, 5.70413513e+02, 8.37088684e+02, 5.68569763e+02,
       7.49438049e+02, 5.66979248e+02, 6.61600586e+02, 5.65322449e+02,
       1.44731750e+03, 4.96732758e+02, 1.36194849e+03, 4.94451996e+02,
       1.27556995e+03, 4.92339844e+02, 1.18886462e+03, 4.90273499e+02,
       1.10124475e+03, 4.88409912e+02, 1.01350317e+03, 4.86225891e+02,
       9.25459961e+02, 4.84430206e+02, 8.36825623e+02, 4.82452942e+02,
       7.48607239e+02, 4.80573700e+02, 6.59878845e+02, 4.78771118e+02,
       1.45251477e+03, 4.10597565e+02, 1.36647510e+03, 4.07986298e+02,
       1.27933923e+03, 4.05489410e+02, 1.19190002e+03, 4.03069977e+02,
       1.10359949e+03, 4.00793427e+02, 1.01498206e+03, 3.98601105e+02,
       9.26239319e+02, 3.96406219e+02, 8.36881653e+02, 3.94404572e+02,
       7.47749512e+02, 3.92374908e+02, 6.58354004e+02, 3.90407471e+02,
       1.45756116e+03, 3.23401489e+02, 1.37086682e+03, 3.20502960e+02,
       1.28310425e+03, 3.17535004e+02, 1.19484985e+03, 3.14747314e+02,
       1.10594324e+03, 3.12270935e+02, 1.01663794e+03, 3.09728271e+02,
       9.27041748e+02, 3.07359283e+02, 8.36971313e+02, 3.05129395e+02,
       7.47030579e+02, 3.03169952e+02, 6.56915710e+02, 3.01208679e+02,
       1.46259570e+03, 2.35056656e+02, 1.37524829e+03, 2.31663803e+02,
       1.28680591e+03, 2.28414246e+02, 1.19801428e+03, 2.25294724e+02,
       1.10835461e+03, 2.22408386e+02, 1.01829785e+03, 2.19680328e+02,
       9.28049683e+02, 2.16998108e+02, 8.37266479e+02, 2.14607513e+02,
       7.46656128e+02, 2.12456970e+02, 6.55744690e+02, 2.10472458e+02 ]
   - [ 2.14616626e+03, 7.58415527e+02, 2.05632739e+03, 7.55415710e+02,
       1.96675037e+03, 7.52435608e+02, 1.87781433e+03, 7.49389648e+02,
       1.78925293e+03, 7.46416992e+02, 1.70147070e+03, 7.43565979e+02,
       1.61452234e+03, 7.40588989e+02, 1.52794348e+03, 7.37675720e+02,
       1.44247656e+03, 7.34739319e+02, 1.35769080e+03, 7.31689087e+02,
       2.15367505e+03, 6.72892517e+02, 2.06308057e+03, 6.70115601e+02,
       1.97262988e+03, 6.67421204e+02, 1.88282617e+03, 6.64688477e+02,
       1.79349719e+03, 6.62328857e+02, 1.70472961e+03, 6.59602600e+02,
       1.61685583e+03, 6.57072937e+02, 1.52946191e+03, 6.54442627e+02,
       1.44313574e+03, 6.52106934e+02, 1.35757654e+03, 6.49494568e+02,
       2.16117578e+03, 5.85473267e+02, 2.06963574e+03, 5.82979309e+02,
       1.97836475e+03, 5.80530762e+02, 1.88761316e+03, 5.78183838e+02,
       1.79726489e+03, 5.76021057e+02, 1.70788989e+03, 5.73909546e+02,
       1.61909558e+03, 5.71582336e+02, 1.53093005e+03, 5.69453552e+02,
       1.44380176e+03, 5.67388062e+02, 1.35747815e+03, 5.65411194e+02,
       2.16846411e+03, 4.96585846e+02, 2.07607422e+03, 4.94394135e+02,
       1.98376221e+03, 4.92391174e+02, 1.89238330e+03, 4.90463104e+02,
       1.80100110e+03, 4.88730438e+02, 1.71077417e+03, 4.86731384e+02,
       1.62116272e+03, 4.85164429e+02, 1.53224072e+03, 4.83377441e+02,
       1.44444897e+03, 4.81760376e+02, 1.35721729e+03, 4.80313202e+02,
       2.17537134e+03, 4.05890442e+02, 2.08218188e+03, 4.04079956e+02,
       1.98901611e+03, 4.02339783e+02, 1.89682263e+03, 4.00757172e+02,
       1.80475415e+03, 3.99344757e+02, 1.71354004e+03, 3.97964172e+02,
       1.62319153e+03, 3.96542145e+02, 1.53341199e+03, 3.95463470e+02,
       1.44477429e+03, 3.94325836e+02, 1.35681262e+03, 3.93287231e+02,
       2.18213525e+03, 3.13987030e+02, 2.08807251e+03, 3.12479431e+02,
       1.99422327e+03, 3.11062225e+02, 1.90092688e+03, 3.09840820e+02,
       1.80821436e+03, 3.08785614e+02, 1.71620105e+03, 3.07785156e+02,
       1.62501611e+03, 3.06998474e+02, 1.53450635e+03, 3.06229004e+02,
       1.44503516e+03, 3.05855438e+02, 1.35652576e+03, 3.05524963e+02,
       2.18844434e+03, 2.20686600e+02, 2.09358008e+03, 2.19548431e+02,
       1.99885962e+03, 2.18514069e+02, 1.90499377e+03, 2.17593292e+02,
       1.81140405e+03, 2.16980392e+02, 1.71859973e+03, 2.16459686e+02,
       1.62673096e+03, 2.15995651e+02, 1.53536584e+03, 2.15924408e+02,
