%YAML:1.0
cameraMatrix: !!opencv-matrix
   rows: 3
   cols: 3
   dt: d
   data: [ 2.2312752615469421e+03, 0., 1.2481499613388853e+03, 0.,
       2.2345418869529922e+03, 6.4974342918798334e+02, 0., 0., 1. ]
imageSize_width: 2400
imageSize_height: 1350
sensorSize_width: 0
sensorSize_height: 0
distCoeffs: !!opencv-matrix
   rows: 5
   cols: 1
   dt: d
   data: [ -1.3040362284175711e-01, 7.4982891600724841e-02,
       6.1454631187096449e-04, 1.9412892681112946e-03,
       -1.8973146539092260e-02 ]
reprojectionError: 0.
features:
   []
