%YAML:1.0
Mat: !!opencv-matrix
   rows: 3
   cols: 1
   dt: d
   data: [ -3.5902792970397834e-02, -2.7848671891331465e-02,
       -6.6923557959568071e-04 ]
