%YAML:1.0
Mat: !!opencv-matrix
   rows: 3
   cols: 1
   dt: d
   data: [ -8.8754242820952811e+00, -6.6443281609908780e+01,
       4.7883120319898339e+01 ]
